Muscles:
- Brachialis
- Abductor pollicis longus
- Anconeus
- Biceps brachii
- Extensor digiti minimi
- Extensor digitorum
- Extensor carpi ulnaris
- Extensor carpi radialis longus


H - Temporal Activations (time × synergies) =51 × 5
  0,065493  0,179816  0,000001  0,045129  0,129186
  0,070243  0,129678  0,000000  0,055934  0,162926
  0,069641  0,105584  0,000000  0,075440  0,191262
  0,063854  0,094566  0,000000  0,099473  0,180339
  0,060091  0,097419  0,000000  0,120790  0,125715
  0,054793  0,107318  0,000000  0,143965  0,091543
  0,040654  0,134776  0,000000  0,175380  0,081984
  0,020999  0,149688  0,000900  0,208724  0,092705
  0,003992  0,158899  0,006801  0,236967  0,077351
  0,003164  0,147555  0,004909  0,250967  0,051824
  0,019886  0,127958  0,001867  0,253313  0,000032
  0,027486  0,109696  0,002264  0,234840  0,000000
  0,024821  0,105907  0,012014  0,202188  0,000000
  0,008527  0,120015  0,034026  0,157824  0,000000
  0,027497  0,115135  0,030088  0,131757  0,000000
  0,056145  0,122631  0,023303  0,118693  0,000000
  0,065341  0,141712  0,031775  0,125545  0,000000
  0,027026  0,203093  0,101296  0,108631  0,000000
  0,000173  0,241296  0,203602  0,067028  0,000003
  0,000004  0,270569  0,305136  0,026095  0,002094
  0,000404  0,226804  0,396799  0,000000  0,016393
  0,023639  0,146768  0,410495  0,000000  0,021234
  0,074448  0,046023  0,381191  0,000078  0,015418
  0,089993  0,000000  0,342597  0,046289  0,003142
  0,089592  0,000000  0,346852  0,093815  0,000001
  0,096292  0,000000  0,348957  0,123042  0,000000
  0,115639  0,000000  0,320321  0,106597  0,000111
  0,136693  0,000000  0,254335  0,078286  0,034854
  0,173130  0,000000  0,181770  0,057666  0,096411
  0,202297  0,000000  0,116081  0,099340  0,153901
  0,235072  0,000000  0,051650  0,123632  0,218966
  0,245817  0,000000  0,000038  0,132137  0,228145
  0,244312  0,012851  0,000001  0,104942  0,186675
  0,251699  0,033098  0,000000  0,073789  0,109305
  0,273479  0,042445  0,000000  0,039202  0,058429
  0,280316  0,046388  0,000000  0,006597  0,036318
  0,270497  0,039822  0,000012  0,000007  0,036140
  0,249709  0,028912  0,016162  0,000076  0,034711
  0,235033  0,015957  0,054484  0,000000  0,038302
  0,244013  0,008303  0,053719  0,000000  0,042237
  0,273059  0,007694  0,005702  0,000000  0,043753
  0,283148  0,017445  0,000000  0,000000  0,022937
  0,280363  0,039801  0,000000  0,000000  0,000142
  0,254985  0,077972  0,000054  0,000751  0,000053
  0,225072  0,130016  0,000003  0,022363  0,001664
  0,209578  0,180826  0,000000  0,028249  0,000446
  0,235654  0,240909  0,000000  0,005757  0,000000
  0,207158  0,318439  0,000000  0,030654  0,000000
  0,143977  0,385192  0,001287  0,051076  0,000000
  0,063072  0,363257  0,058624  0,050476  0,036350
  0,019787  0,330451  0,075301  0,038964  0,114046


W - Spatial Synergies (synergies × muscles) = 5 × 8
  0,311004  0,382267  0,582571  0,571142  0,802356  0,134707  0,010899  0,000024

  0,012218  0,132380  0,065248  0,000000  0,673783  0,000033  0,094531  0,993579

  0,037902  0,086953  0,375843  0,699927  0,000000  0,574852  0,000000  0,204639

  0,795634  0,026047  0,256225  0,000000  0,000031  0,522617  0,125374  0,000001

  0,135581  0,316218  0,006572  0,263303  0,000007  0,000000  0,654882  0,000415

